       1F8T5           2    1.34  0.0045    53.3      56
       2CF13           2    0.22  0.0105      58      77
       3CF13           3    0.46  0.0081    59.1      77
       4F13T5          2    0.86 0.00467      90      94
       5F8T5           3    1.03 0.00449    53.3      56
       6F13T5          2    1.15   0.012     105     105
       7CF13           2    0.25   0.019    57.5      77
       8CF13           3    0.41   0.024    61.7      77
       9F15T8          1    0.18   0.045    41.8      55
      10F8T5           3    0.18  0.0186    40.7      56
      11F20T12         3     1.3  0.0161    57.8      57
      12CF7            3    1.01   0.037    37.5      37
      13CF7            2    1.24   0.018    47.2      45
      14CF11           3    0.62   0.013    67.7      54
