4.723700161261878971e-01 -2.564709226492535854e-01 1.000000000000000000e+00
-1.001111782957716079e+00 1.189371146138159974e+00 1.000000000000000000e+00
-5.219844427208688575e-01 5.247558523581731249e-01 1.000000000000000000e+00
-6.088042821497909873e-01 1.176203453123299214e+00 1.000000000000000000e+00
-8.473684255177158509e-01 -5.374702325363418520e-01 1.000000000000000000e+00
-8.060206395658673362e-01 8.539893706715526722e-01 1.000000000000000000e+00
1.074513229283413862e+00 8.728478686925593699e-01 1.000000000000000000e+00
3.854977924048735849e-01 -1.246282092497336347e+00 1.000000000000000000e+00
-5.163854328852589548e-01 9.552000872612647075e-01 1.000000000000000000e+00
-3.892294218549059021e-02 -5.699241107352363001e-01 1.000000000000000000e+00
-9.400090623367796105e-02 -6.455559145687358447e-01 1.000000000000000000e+00
-5.716468953028907007e-01 -6.897876143537047255e-01 1.000000000000000000e+00
2.612642082476106520e-01 3.776654139495743689e-01 1.000000000000000000e+00
-1.969229318631418590e-01 1.530697678440268827e+00 1.000000000000000000e+00
6.086846054815978763e-02 -2.098479645351116751e+00 1.000000000000000000e+00
9.621508396008888742e-01 6.892888205061532547e-01 1.000000000000000000e+00
-7.594459666077820748e-01 -8.395069077136727564e-01 1.000000000000000000e+00
-7.780297165664454284e-02 -4.496117468083298679e-03 1.000000000000000000e+00
-1.755314111722926063e+00 -3.045863334033840353e-01 1.000000000000000000e+00
3.187405013064428250e-01 -6.476868668011233066e-01 1.000000000000000000e+00
-1.296468906571058621e+00 -1.194284379276750796e+00 1.000000000000000000e+00
-1.295743807301838579e+00 1.462842741513066480e+00 1.000000000000000000e+00
-2.332685291679978956e-01 -8.912323536827782000e-01 1.000000000000000000e+00
-7.476545134055904984e-02 6.674877764515949607e-01 1.000000000000000000e+00
2.958245689168017001e-01 -1.007778298225613378e+00 1.000000000000000000e+00
2.479968896765502029e-01 -6.993942708244031969e-01 1.000000000000000000e+00
-1.200796601741189962e+00 -7.642102184915757768e-01 1.000000000000000000e+00
-3.740153301852612300e-01 4.422960545786030484e-01 1.000000000000000000e+00
2.126205174337823522e-01 4.065033081905240486e-01 1.000000000000000000e+00
1.491689658439622757e-01 3.544673951347585006e-01 1.000000000000000000e+00
1.274880336015439819e-01 5.642369584105408342e-02 1.000000000000000000e+00
-1.263291494310419205e+00 -1.795984285127913527e+00 1.000000000000000000e+00
-3.422378959400750875e-01 9.413457170541003061e-01 1.000000000000000000e+00
-7.873319979095225740e-01 9.733760813363994124e-01 1.000000000000000000e+00
-4.770352460228030056e-01 -4.292803876167567423e-01 1.000000000000000000e+00
-1.704246054733890681e+00 1.664780121360332821e+00 1.000000000000000000e+00
1.069876463140618572e+00 2.752869502379440281e-01 1.000000000000000000e+00
4.367256391148530148e-01 8.103575209641974419e-01 1.000000000000000000e+00
4.472778589396808058e-01 -5.831204763160755533e-01 1.000000000000000000e+00
1.443863833522622597e+00 -1.385222850723142052e-01 1.000000000000000000e+00
-6.947079925379167076e-01 2.680296655000495923e-02 1.000000000000000000e+00
3.849409848849705829e-01 1.683176566203271607e+00 1.000000000000000000e+00
6.263384688063395878e-01 5.105174551903379765e-02 1.000000000000000000e+00
-1.758914777607548940e-01 2.794855120182699881e-01 1.000000000000000000e+00
1.290695005011422758e+00 -9.110495164801089008e-01 1.000000000000000000e+00
1.013863729083700704e+00 -1.518953759740835352e+00 1.000000000000000000e+00
-1.028173947023195645e+00 -1.169025150922105682e+00 1.000000000000000000e+00
-1.273587061040382995e+00 -3.506079146183198603e-01 1.000000000000000000e+00
7.323288929884487208e-01 -2.325938652488971359e-01 1.000000000000000000e+00
9.183258505428454344e-02 3.093313274466857887e-02 1.000000000000000000e+00
3.632144554677716464e+00 9.961170608454803510e-01 2.000000000000000000e+00
1.047695891651391653e+00 3.205527109826403098e+00 2.000000000000000000e+00
2.020880097650668450e+00 2.465164610053977245e+00 2.000000000000000000e+00
2.405729682735753272e+00 2.958462717263086628e+00 2.000000000000000000e+00
1.872116778098307233e+00 2.411140028629106258e+00 2.000000000000000000e+00
1.238061265311119818e+00 6.929633466358231519e-01 2.000000000000000000e+00
1.084907530299208833e+00 2.451569377656706905e+00 2.000000000000000000e+00
2.015809880596052039e+00 9.782239434294499603e-01 2.000000000000000000e+00
3.004232358867131580e+00 1.529408110450333425e+00 2.000000000000000000e+00
1.973109837700296909e+00 3.493840439077872340e+00 2.000000000000000000e+00
2.384926633994806533e+00 2.271554155156412680e+00 2.000000000000000000e+00
1.285462627582301565e+00 1.568836030207067189e+00 2.000000000000000000e+00
9.133640402350240439e-01 2.923447507320040550e+00 2.000000000000000000e+00
1.157954353653628310e+00 2.578180092110366584e+00 2.000000000000000000e+00
2.234380094312594434e+00 8.664088002156584700e-01 2.000000000000000000e+00
1.157451791479936709e+00 1.917216086744105707e+00 2.000000000000000000e+00
2.525304961632549361e+00 2.676277256395882542e+00 2.000000000000000000e+00
2.362432491914799204e+00 2.286427242268294968e+00 2.000000000000000000e+00
1.198134478858773111e+00 2.849530077525204153e+00 2.000000000000000000e+00
1.882519534651510451e+00 1.643313363119851322e+00 2.000000000000000000e+00
2.891343413198942613e+00 2.283596273190770631e+00 2.000000000000000000e+00
2.686145841268575030e+00 2.437652526292923394e+00 2.000000000000000000e+00
2.753107258739944552e+00 3.729810641123289194e+00 2.000000000000000000e+00
2.810748609315260271e+00 4.304623799351858793e-01 2.000000000000000000e+00
2.313801117128902796e+00 2.801928090571048635e-01 2.000000000000000000e+00
2.634771345216659899e+00 2.417396736126377732e+00 2.000000000000000000e+00
3.271491412278891175e+00 7.982982729638008479e-01 2.000000000000000000e+00
1.962701528314584110e+00 1.545827226530117837e+00 2.000000000000000000e+00
2.355030743334288967e+00 3.048947126343817704e+00 2.000000000000000000e+00
3.364891289441084510e+00 9.341970274163973187e-01 2.000000000000000000e+00
7.672910608789893505e-01 2.621665344357367200e+00 2.000000000000000000e+00
2.543548411396888476e+00 2.227034542651224580e+00 2.000000000000000000e+00
3.199022211218187195e+00 2.098472048952727320e+00 2.000000000000000000e+00
3.453860158693046856e+00 2.127902884389464067e+00 2.000000000000000000e+00
3.508109119565355094e+00 3.040900585744145790e+00 2.000000000000000000e+00
2.234943747876633857e+00 2.101373878285694552e+00 2.000000000000000000e+00
8.461284643476283396e-01 3.150308161538720064e+00 2.000000000000000000e+00
1.749159341186642624e+00 1.192289963965449173e+00 2.000000000000000000e+00
2.625073999954407267e+00 7.585299383835759635e-01 2.000000000000000000e+00
2.008125766944703905e+00 1.841231961415106921e+00 2.000000000000000000e+00
2.400617650571562400e+00 2.542508433348079855e+00 2.000000000000000000e+00
1.404106683355366147e+00 1.632601265603801144e+00 2.000000000000000000e+00
3.191411228937096833e+00 7.909075248051442575e-01 2.000000000000000000e+00
3.114175800475758038e+00 1.262834579758154163e+00 2.000000000000000000e+00
2.069707916652411939e+00 2.116377196202539057e+00 2.000000000000000000e+00
2.533786253099879371e+00 2.358583631378529333e+00 2.000000000000000000e+00
7.406333190840708181e-01 2.686448306739036340e+00 2.000000000000000000e+00
1.846514633562310159e+00 1.902542226092429400e+00 2.000000000000000000e+00
1.451136000028371509e+00 3.169538481034410715e+00 2.000000000000000000e+00
1.324095623132502952e+00 1.050471600491782453e+00 2.000000000000000000e+00
8.299757119606095968e-01 3.816657364877038106e+00 3.000000000000000000e+00
6.655429126569873954e-01 3.477690903262548261e+00 3.000000000000000000e+00
1.778861138708477119e-01 1.997118600369020003e+00 3.000000000000000000e+00
-1.122671270078765327e+00 1.457305819603623487e+00 3.000000000000000000e+00
-8.537740608070780723e-01 1.432987694498921716e+00 3.000000000000000000e+00
-3.338834819960173061e-01 1.797191077775946333e+00 3.000000000000000000e+00
4.473953826845744608e-02 2.426391674909241125e+00 3.000000000000000000e+00
1.158878362596907019e+00 1.070234127577878613e+00 3.000000000000000000e+00
8.658310781423248503e-01 1.571743133168862716e+00 3.000000000000000000e+00
-5.144040929803511686e-01 2.119203451510045522e+00 3.000000000000000000e+00
-3.157330860584728338e-01 2.600769017844211106e+00 3.000000000000000000e+00
6.141666922950004270e-01 2.761753453476078590e+00 3.000000000000000000e+00
3.264802747412290373e-01 1.988549991438762321e+00 3.000000000000000000e+00
2.573276383996131234e+00 6.669675904426193291e-01 3.000000000000000000e+00
9.040970298418908591e-02 2.127955707755487591e+00 3.000000000000000000e+00
1.589271358234656262e+00 1.202652011486990524e+00 3.000000000000000000e+00
7.298948141885781560e-01 1.020007372556903658e+00 3.000000000000000000e+00
1.603354175083371080e+00 1.778051208968589592e+00 3.000000000000000000e+00
-6.727948290156127165e-01 2.703898519309908988e+00 3.000000000000000000e+00
7.755369070368711704e-01 6.419877871620149890e-01 3.000000000000000000e+00
-2.018322403276374688e-01 1.220178202343316309e+00 3.000000000000000000e+00
5.060132476862352346e-01 1.359339759575245221e+00 3.000000000000000000e+00
6.656812888649354942e-01 2.077914247352164345e+00 3.000000000000000000e+00
4.785157177430080511e-01 2.561939623667132793e+00 3.000000000000000000e+00
1.684862524121373717e+00 2.508437020758419678e+00 3.000000000000000000e+00
3.258872415297242586e-01 2.816947258009574906e+00 3.000000000000000000e+00
1.621365422918829013e+00 2.036783140615743282e+00 3.000000000000000000e+00
-6.556170373442712362e-01 1.813002244412835084e+00 3.000000000000000000e+00
1.642250841514089066e-01 2.324304046248592659e+00 3.000000000000000000e+00
-4.649447994952959906e-01 2.158771182125972743e+00 3.000000000000000000e+00
-9.401769102126963373e-01 1.899360283741927446e+00 3.000000000000000000e+00
1.267098429348785693e+00 1.631851102438782730e+00 3.000000000000000000e+00
6.562216599660557204e-02 2.538669239410972445e+00 3.000000000000000000e+00
-5.978314681119845098e-01 2.025197687498075272e+00 3.000000000000000000e+00
4.057643430717918775e-01 2.996971401503772725e+00 3.000000000000000000e+00
-3.748425303893396232e-02 2.248342975415902334e+00 3.000000000000000000e+00
3.355641757840504558e-01 3.277262076513198785e+00 3.000000000000000000e+00
6.134040451242408487e-01 2.646837675583734395e+00 3.000000000000000000e+00
1.050042974599790790e+00 2.551545118687370106e+00 3.000000000000000000e+00
8.226477533661109565e-01 2.444685711276352702e+00 3.000000000000000000e+00
-3.548264592493942660e-01 2.650401604186991111e+00 3.000000000000000000e+00
-2.029477826384686878e-01 1.763943997545585507e+00 3.000000000000000000e+00
1.360425002256869798e+00 1.765480936844524340e+00 3.000000000000000000e+00
4.287379198881305919e-01 1.769153046943018115e+00 3.000000000000000000e+00
6.148787687095668142e-01 1.498020199203430991e+00 3.000000000000000000e+00
4.298499664069871939e-01 8.516727974337126028e-01 3.000000000000000000e+00
-2.219500008233097899e-01 2.688775098968360755e+00 3.000000000000000000e+00
1.384962024744260944e-01 2.493373461913098943e+00 3.000000000000000000e+00
-4.180052213323126598e-01 2.957888746934670188e+00 3.000000000000000000e+00
-7.375814944213570090e-01 1.960942408946742876e+00 3.000000000000000000e+00
1.653056393126167922e+00 -2.768276841648396602e-01 4.000000000000000000e+00
2.133858253226899926e+00 1.428957903831491905e+00 4.000000000000000000e+00
1.772672895640690083e+00 1.650104139799508374e-01 4.000000000000000000e+00
1.049286067518968135e+00 -2.019363106109275385e-01 4.000000000000000000e+00
3.857289363900011203e+00 -5.844361985647982261e-01 4.000000000000000000e+00
2.271581989391223466e+00 2.529755196413627782e-01 4.000000000000000000e+00
1.399320407046526604e+00 -4.521633645170823890e-01 4.000000000000000000e+00
3.449150317565539581e+00 -7.315354704496713767e-01 4.000000000000000000e+00
2.192230118511522718e+00 -8.514177464031384701e-02 4.000000000000000000e+00
1.996636681267016433e+00 1.425065868779403333e+00 4.000000000000000000e+00
4.351121071949278551e+00 -4.777313204502158239e-01 4.000000000000000000e+00
1.590494529294066650e+00 1.172067215154025899e+00 4.000000000000000000e+00
2.107629395713430220e+00 -8.099434915216583916e-03 4.000000000000000000e+00
1.647827044325660406e+00 3.366261386035124814e-01 4.000000000000000000e+00
3.313556359853693234e+00 -8.819751907216037967e-01 4.000000000000000000e+00
8.255229062055235989e-01 -6.908703090164390881e-01 4.000000000000000000e+00
2.962997304215402750e+00 1.259295407612981421e+00 4.000000000000000000e+00
8.827882190093021553e-01 -1.838272737401841495e-01 4.000000000000000000e+00
2.008747850529700063e+00 4.809402133222963061e-01 4.000000000000000000e+00
2.582251631871774311e+00 5.996982222541834967e-02 4.000000000000000000e+00
9.794260899835729450e-01 -6.143272217209729824e-01 4.000000000000000000e+00
3.166059040438310213e+00 1.544890981305107047e-01 4.000000000000000000e+00
1.935824216459622882e+00 6.625651676570538662e-01 4.000000000000000000e+00
1.069739900481075257e+00 1.082779391311921025e+00 4.000000000000000000e+00
3.296590249234564673e+00 2.263730606235445364e-01 4.000000000000000000e+00
1.455902311986977615e+00 3.818642142471119216e-01 4.000000000000000000e+00
2.325091808549588190e+00 1.074470924722197962e+00 4.000000000000000000e+00
8.469873381528580936e-01 -7.069702998907860803e-01 4.000000000000000000e+00
1.701763963740656971e+00 3.404273771565109463e-01 4.000000000000000000e+00
1.199306859841854367e+00 3.763024388803536957e-01 4.000000000000000000e+00
1.620155083737483181e+00 8.378675734750790083e-01 4.000000000000000000e+00
1.956957405784869986e+00 -1.388034687538022283e+00 4.000000000000000000e+00
1.935560502831664031e+00 4.985555423353104643e-01 4.000000000000000000e+00
7.390279520468325813e-01 -1.496550125438299572e+00 4.000000000000000000e+00
2.674483048886994396e+00 -3.374436275518105655e-01 4.000000000000000000e+00
2.109447762542602245e+00 -1.021687463507103821e+00 4.000000000000000000e+00
1.346381147564913006e+00 2.523186163226117107e-01 4.000000000000000000e+00
1.720778321067076400e+00 1.206171193110778361e+00 4.000000000000000000e+00
1.906815139240211732e+00 2.169798289999637919e-01 4.000000000000000000e+00
2.688092657455741996e+00 -1.115783582155429832e+00 4.000000000000000000e+00
3.267211267961716903e+00 7.101730338537812770e-01 4.000000000000000000e+00
1.950567837987387199e+00 7.137131788873183336e-01 4.000000000000000000e+00
1.655691691200701587e+00 -1.368235232995202999e+00 4.000000000000000000e+00
1.619094233508803438e+00 8.282690007210748995e-01 4.000000000000000000e+00
1.040215970835424830e+00 1.382670506720976716e-02 4.000000000000000000e+00
1.446840414891394033e+00 6.338050064557015917e-01 4.000000000000000000e+00
1.796120285946912976e+00 -1.609492372713031472e+00 4.000000000000000000e+00
-4.560504948219987753e-01 1.514582760649490378e+00 4.000000000000000000e+00
1.797069622090697205e+00 -6.421940304854719672e-01 4.000000000000000000e+00
2.094121692544959501e+00 -3.403259871083847421e-01 4.000000000000000000e+00
