-8.140667630358904283e-01 -5.334386690492725069e-01 0.000000000000000000e+00
-6.868677385963881665e-01 -4.095025316718239328e-01 0.000000000000000000e+00
-7.318136796869374461e-01 -3.165247586367812005e-01 0.000000000000000000e+00
-1.956957256344968865e-01 -8.323554815292031339e-01 0.000000000000000000e+00
2.038016803395883425e-01 4.079077973741243035e-01 0.000000000000000000e+00
-1.959150159253879586e-01 -3.359121360023169522e-01 0.000000000000000000e+00
8.146749044972145803e-02 -1.667261425162656074e-01 0.000000000000000000e+00
4.845980316240146024e-01 9.553782160842847482e-01 1.000000000000000000e+00
9.786075683062869235e-01 -2.564849292576765194e-02 0.000000000000000000e+00
1.271475505115842175e-01 9.880191904684583193e-01 1.000000000000000000e+00
-9.573377691476434581e-01 2.670168885818144933e-01 0.000000000000000000e+00
-5.526306109430509927e-01 -1.340230541116493868e-02 0.000000000000000000e+00
-7.081229860130289211e-02 7.531332394935577046e-01 1.000000000000000000e+00
-1.612706772757408480e-01 -9.054115336559180882e-01 0.000000000000000000e+00
8.321606470464093519e-01 6.352843433667105799e-01 1.000000000000000000e+00
3.158673025802236634e-01 4.875305632037543191e-01 1.000000000000000000e+00
-1.202115529804834715e-01 2.717980316653492157e-01 1.000000000000000000e+00
2.092326966892412710e-01 1.615052868832818067e-01 1.000000000000000000e+00
-6.179971293465806870e-01 -6.983607946061156646e-01 0.000000000000000000e+00
3.634689092827383394e-01 5.348105506519840180e-01 1.000000000000000000e+00
-6.492175555867951697e-01 -8.443309352809900137e-01 0.000000000000000000e+00
9.802221162514226371e-01 -1.703934927316455017e-01 0.000000000000000000e+00
7.864239060773985379e-01 6.366093949128526219e-02 1.000000000000000000e+00
-7.586426944467767886e-01 -1.086765282920334474e-01 0.000000000000000000e+00
3.376611152676172178e-01 -5.191331698154810770e-01 0.000000000000000000e+00
6.100786042865913306e-01 -2.557701427127596627e-01 0.000000000000000000e+00
-2.665564381492564472e-01 5.630025615824563179e-01 0.000000000000000000e+00
-1.346983344346694977e-01 8.282667029806833892e-01 1.000000000000000000e+00
6.766363639385486461e-01 8.092339174953409042e-01 1.000000000000000000e+00
1.626972878634158626e-01 -8.510891863059519835e-01 0.000000000000000000e+00
8.620803393370168877e-02 5.513598183865699998e-01 1.000000000000000000e+00
-4.743771661524536221e-01 -7.702961925913909269e-03 0.000000000000000000e+00
-2.372826065138482488e-01 -4.718433045562298034e-02 0.000000000000000000e+00
-2.169348158042045949e-01 -4.138945772267541567e-01 0.000000000000000000e+00
-8.552717176629476281e-01 -1.371474499138360947e-01 0.000000000000000000e+00
-5.216649692013624051e-01 -9.319687164272472124e-02 0.000000000000000000e+00
-6.690212140537694641e-01 -5.816581857962777047e-01 0.000000000000000000e+00
9.630964682931089094e-01 7.646216249951727217e-01 1.000000000000000000e+00
7.867426725960371403e-01 -3.887792291364777775e-02 1.000000000000000000e+00
-3.997821566618720013e-02 -8.477124025275140085e-01 0.000000000000000000e+00
-7.848970097933696266e-01 -3.744483899528070481e-01 0.000000000000000000e+00
-6.500252982500673848e-01 -1.428602768937545786e-01 0.000000000000000000e+00
6.749762283568059296e-01 4.835227566762045903e-02 1.000000000000000000e+00
4.235373539924724984e-01 -9.274456250076390518e-03 0.000000000000000000e+00
5.354929458766566341e-02 9.802282267220241430e-01 1.000000000000000000e+00
4.325295815393159771e-01 -4.380725015798099253e-01 0.000000000000000000e+00
-9.102422777624092909e-01 9.817144753735695950e-02 0.000000000000000000e+00
-5.542809186283692569e-01 -5.108697624781646240e-01 0.000000000000000000e+00
2.361883878928567881e-01 7.058136119801434738e-01 1.000000000000000000e+00
2.492066853434766749e-01 -7.741562004460447177e-01 0.000000000000000000e+00
-8.136307055285141310e-02 9.774718894405445280e-01 1.000000000000000000e+00
9.267095030817702472e-01 6.237615472045887621e-02 1.000000000000000000e+00
-1.693730988418473693e-02 -5.279827878709053568e-01 0.000000000000000000e+00
4.186588504697403845e-01 1.353908362964042489e-01 1.000000000000000000e+00
-3.638535234367914484e-01 6.723506345859016076e-01 1.000000000000000000e+00
3.987228012735797300e-01 8.610251512478732661e-01 1.000000000000000000e+00
-9.704367476087603084e-01 8.164748829315551237e-01 0.000000000000000000e+00
-2.927573400975742590e-01 5.342973140889692996e-01 1.000000000000000000e+00
9.087313008260187175e-01 6.011472498821446298e-01 1.000000000000000000e+00
1.629667237804561797e-01 -3.725600114860594392e-01 0.000000000000000000e+00
9.753029316451642394e-01 1.651880466737283282e-01 1.000000000000000000e+00
-5.011939621936805089e-01 -7.820786261706866860e-01 0.000000000000000000e+00
3.874161042674373334e-01 4.078612084851080954e-01 1.000000000000000000e+00
-1.968316029101417897e-01 -9.537653181040111061e-01 0.000000000000000000e+00
-9.675414835535720570e-01 -9.115576248055872188e-01 0.000000000000000000e+00
-1.998618013304387375e-01 6.107113462065052456e-01 1.000000000000000000e+00
-2.917747929183645006e-01 4.594744218561692684e-01 0.000000000000000000e+00
-3.650391410398736713e-01 -3.350733428259398128e-01 0.000000000000000000e+00
5.763190347944386893e-01 3.296654208726554902e-01 1.000000000000000000e+00
8.939279171674685553e-01 -6.560997672075474796e-02 1.000000000000000000e+00
-2.287952335844034568e-01 -4.603939385330597656e-01 0.000000000000000000e+00
-1.575881173047131156e-01 1.340345064250825224e-02 0.000000000000000000e+00
4.879177077377185867e-01 4.645955300257762488e-01 1.000000000000000000e+00
6.967459838693998986e-01 7.808090532919429450e-01 1.000000000000000000e+00
-1.335154334031178891e-01 -9.461197696620393671e-01 0.000000000000000000e+00
7.229942940154081565e-01 -2.762851860167929718e-01 0.000000000000000000e+00
4.635524066748522021e-01 2.334669288247404051e-01 1.000000000000000000e+00
-4.060641446904325047e-01 -9.484495277212112718e-02 0.000000000000000000e+00
-8.741527567523339481e-01 -7.203088376681476834e-01 0.000000000000000000e+00
-6.299137603352715775e-01 8.717399122944300416e-01 1.000000000000000000e+00
-4.474991704221664701e-01 9.804061253663487463e-01 1.000000000000000000e+00
9.772869936848085359e-01 2.061518949807128465e-01 1.000000000000000000e+00
8.639547959238196295e-01 -5.655551890915000435e-02 1.000000000000000000e+00
8.248600403506627377e-01 -8.645000063575967175e-01 0.000000000000000000e+00
-7.748719798229108946e-02 -6.419568245024434017e-01 0.000000000000000000e+00
-8.224787690613004632e-01 -5.295780889102110756e-01 0.000000000000000000e+00
1.911718572532852267e-01 9.188407961909912380e-01 1.000000000000000000e+00
5.147770514195570968e-03 8.528488154719291447e-01 1.000000000000000000e+00
-6.277274074444025853e-01 9.451750012684623226e-01 1.000000000000000000e+00
-7.958474757757669771e-01 5.993035402280708634e-01 1.000000000000000000e+00
-2.505957674078862496e-01 1.684781800761916415e-01 0.000000000000000000e+00
-1.711766551181796991e-01 -7.665858757762737952e-01 0.000000000000000000e+00
1.333635918555620137e-03 1.296076567377026922e-01 0.000000000000000000e+00
-7.760963902088915400e-01 6.998245607721580441e-01 0.000000000000000000e+00
-2.303853734310530310e-01 -3.879482376165743762e-01 0.000000000000000000e+00
-9.331952850784837050e-01 -4.306389598811466435e-01 0.000000000000000000e+00
-5.986571276375223238e-01 -7.506376809082366819e-01 0.000000000000000000e+00
9.861086732920936182e-01 7.492325673997430879e-01 1.000000000000000000e+00
-6.847493304677714221e-01 -2.293809950397638353e-01 0.000000000000000000e+00
3.146553944716883322e-01 -4.744685259609391359e-01 0.000000000000000000e+00
4.893039199964386299e-01 -3.610532406726358889e-01 0.000000000000000000e+00
5.562727398216531505e-01 2.199606606289148392e-01 1.000000000000000000e+00
-4.185517383302383987e-01 9.685074023777628938e-01 1.000000000000000000e+00
-3.757577639020850402e-01 5.361094889118349638e-01 1.000000000000000000e+00
6.794055489808055182e-01 -7.024441206236620161e-02 0.000000000000000000e+00
5.540822860144314355e-01 7.796842328628630359e-01 1.000000000000000000e+00
4.322920898717996785e-02 8.156857444376131028e-01 1.000000000000000000e+00
5.814372247260444215e-01 -3.083185782213595516e-01 0.000000000000000000e+00
-3.314825782017245537e-01 -9.733362669007115109e-01 0.000000000000000000e+00
-2.658251379751572774e-01 3.569485277538544388e-01 1.000000000000000000e+00
-5.137680184814878981e-01 4.540833549087517351e-01 0.000000000000000000e+00
-3.161781876700697769e-01 8.998538635709651956e-01 1.000000000000000000e+00
-1.825798815913546314e-01 -9.334269630981462118e-01 0.000000000000000000e+00
-3.255125153752422840e-01 -9.253818647253861940e-01 0.000000000000000000e+00
5.107374065803986785e-01 1.291882081279438488e-02 0.000000000000000000e+00
-1.177040843787531266e-01 9.588686133834742886e-01 1.000000000000000000e+00
-5.970293120895344696e-01 -8.228553186742739722e-01 0.000000000000000000e+00
-8.041906791623441020e-01 -5.318178084335178912e-01 0.000000000000000000e+00
3.951496226004245216e-01 7.599312337794725813e-01 1.000000000000000000e+00
1.020341158527011682e-01 -1.085111919951531334e-02 0.000000000000000000e+00
-5.213767655603609441e-01 -4.845432842727968037e-01 0.000000000000000000e+00
-2.425542213910936162e-01 5.067220378783297008e-01 1.000000000000000000e+00
9.744348722914177863e-01 5.590902993910653596e-01 1.000000000000000000e+00
-5.631027214926875857e-02 4.636025977901132578e-01 1.000000000000000000e+00
-8.425785940926935336e-01 -3.760972466025853667e-01 0.000000000000000000e+00
-5.036590642856699773e-01 -8.732143737818662821e-01 0.000000000000000000e+00
5.633669977058919365e-02 6.471335403933018426e-01 1.000000000000000000e+00
5.481159188947526406e-01 5.943852732184753407e-01 1.000000000000000000e+00
-2.123738898565803446e-01 -8.910034797354926539e-02 0.000000000000000000e+00
-8.355342505047902435e-01 -5.530762545057323898e-01 0.000000000000000000e+00
-9.695501170627287557e-01 4.061132460183085602e-01 0.000000000000000000e+00
-2.948941407824470229e-01 8.554586037020222022e-01 1.000000000000000000e+00
-3.143080660671229154e-01 -2.259058962745843502e-01 0.000000000000000000e+00
6.553065876503314513e-01 -9.520876750325992788e-01 0.000000000000000000e+00
9.477261010248487771e-01 7.992531670576636937e-01 1.000000000000000000e+00
2.488448913129521767e-01 7.007287743921375434e-01 1.000000000000000000e+00
2.313629865556940945e-01 -4.099872686180181525e-01 0.000000000000000000e+00
6.199693182331746932e-01 -2.378487602888215147e-01 1.000000000000000000e+00
-8.641058350757537809e-01 -6.930672559873010119e-01 0.000000000000000000e+00
-4.289924774385980299e-01 -8.735608834863957117e-01 0.000000000000000000e+00
-9.158901175412337281e-01 4.794606534440932766e-01 0.000000000000000000e+00
2.236058530628692864e-02 3.570868230188577463e-01 1.000000000000000000e+00
-1.957095723766633100e-01 -6.305849129660687780e-01 0.000000000000000000e+00
-1.358944359289475656e-01 -3.495468929980549699e-01 0.000000000000000000e+00
8.826753429435389986e-01 5.039029141007997925e-01 1.000000000000000000e+00
2.811058321625174994e-01 6.645133960187772360e-01 1.000000000000000000e+00
-3.097113087858087699e-01 7.999550945972049298e-01 1.000000000000000000e+00
-6.924452167054078178e-01 5.251916927504627353e-01 1.000000000000000000e+00
-8.074250360783583602e-01 6.258653618341494251e-01 1.000000000000000000e+00
5.404548011984062761e-01 9.317167197913307497e-01 1.000000000000000000e+00
-4.332626972584030511e-01 -8.286353861548838573e-01 0.000000000000000000e+00
-1.532453720921387319e-01 -7.937927706851830578e-01 0.000000000000000000e+00
3.635793163176239684e-01 -3.374062533650656892e-01 0.000000000000000000e+00
-2.295344556979377337e-01 6.575143227584678840e-01 1.000000000000000000e+00
5.670271018013186559e-01 -3.959629630757819374e-01 0.000000000000000000e+00
-1.819586451830870200e-01 -3.592435514790055517e-01 0.000000000000000000e+00
-9.770933640582708524e-01 5.203613468303704970e-01 0.000000000000000000e+00
7.473094917369877965e-01 -4.828555612935934160e-01 0.000000000000000000e+00
-6.250659918811403148e-01 9.644417999890173565e-01 1.000000000000000000e+00
-9.016835179199704786e-01 4.743104963761506365e-01 0.000000000000000000e+00
7.926334709419664559e-01 -5.443107478850484071e-02 1.000000000000000000e+00
-9.698507750540474870e-01 3.313899511065954151e-02 0.000000000000000000e+00
8.060254937671955666e-01 3.503104848258391524e-01 1.000000000000000000e+00
-6.656125724350892003e-01 9.123961579914661169e-01 1.000000000000000000e+00
9.256853334703654124e-01 -5.202023430297022522e-01 0.000000000000000000e+00
2.113956327123012180e-01 1.044431189957510941e-01 1.000000000000000000e+00
-4.969007577368209638e-01 3.613151447533060612e-01 0.000000000000000000e+00
5.498752013157235385e-01 -4.993671089234095195e-01 0.000000000000000000e+00
-3.321817435179230671e-03 6.238256506489501252e-01 0.000000000000000000e+00
-3.866611342448806887e-01 -2.523766886734273296e-01 0.000000000000000000e+00
7.661252055326739363e-01 -9.910501874640074149e-01 0.000000000000000000e+00
2.388120860433120551e-01 1.738495284554226750e-01 0.000000000000000000e+00
4.884885164750756292e-01 7.215296678343741110e-01 1.000000000000000000e+00
-4.531707157538917841e-01 -9.030252395223723472e-01 0.000000000000000000e+00
6.716105007227899382e-01 -1.051893060421287274e-01 0.000000000000000000e+00
9.296098641553689479e-01 9.220558073798188481e-01 1.000000000000000000e+00
-4.269298149734956915e-02 -9.822028101437616510e-01 0.000000000000000000e+00
-2.581828256647262787e-01 2.172032519669715445e-01 1.000000000000000000e+00
-6.090790383335467073e-01 -9.010792913726906050e-02 0.000000000000000000e+00
-6.909074252425264628e-01 -8.792788343541577678e-01 0.000000000000000000e+00
8.029530699912077463e-01 8.930347260960076472e-01 1.000000000000000000e+00
-7.632891166108817238e-01 -1.063088384807611142e-01 0.000000000000000000e+00
2.383890054361221811e-01 -2.619108347445202600e-01 0.000000000000000000e+00
-4.964381585668649066e-01 -1.232143336936932787e-01 0.000000000000000000e+00
-1.194429895829216548e-01 -6.160764024758911273e-01 0.000000000000000000e+00
-2.185338911755689839e-01 -1.194049640896668318e-01 0.000000000000000000e+00
-8.984607410437481789e-01 -8.462596412333698304e-01 0.000000000000000000e+00
2.159005525845003604e-02 -2.581224595644024955e-01 0.000000000000000000e+00
4.338493420891846863e-01 -4.784770305631800280e-01 0.000000000000000000e+00
-6.029081708403714046e-01 7.988624527917795870e-01 1.000000000000000000e+00
1.991913499328035186e-01 7.679897149098351417e-01 1.000000000000000000e+00
-7.677920791506973597e-01 -4.188280868130114243e-01 0.000000000000000000e+00
-7.113007204205683554e-01 -9.658807925991119703e-01 0.000000000000000000e+00
1.701603486548441957e-01 5.626355960630007313e-01 1.000000000000000000e+00
-6.645786770871036087e-01 4.563748533882978631e-01 0.000000000000000000e+00
-4.538835779984136121e-01 8.371836157964975822e-01 1.000000000000000000e+00
-2.259784023407049869e-01 -1.016836372047364989e-01 0.000000000000000000e+00
9.874519062505797695e-01 9.611104149960068010e-01 1.000000000000000000e+00
2.182828290356941814e-02 4.783835633403337173e-01 1.000000000000000000e+00
2.204149283399048365e-01 7.089374744932899208e-01 1.000000000000000000e+00
